-732863 -429498 105 105
138175 226027 -105 0
262710 1606709 308 308
-702580 1291639 250 558
-584325 -740208 222 780
721891 1789120 428 1208
873554 -491081 -344 864
-199126 -1405784 -5 859
-693841 -880055 96 955
-210563 181774 -17 938
404035 1539032 414 1352
-229648 -760222 -396 956
-369477 655630 -31 925
773966 828346 292 1217
115241 1271839 349 1566
-91745 469107 454 2020
665337 -533699 -92 1928
-706082 -233148 174 2102
-144206 -1011185 -193 1909
290158 441073 278 2187
-597862 -1349202 218 2405
-770686 -689032 276 2681
780990 741268 -130 2551
28794 -1706813 117 2668
720607 -1463351 435 3103
-292790 -559599 411 3514
272460 213727 -155 3359
-224127 1215741 -40 3319
-148040 -1302335 -259 3060
298903 -28930 497 3557
-659872 -977005 20 3577
569824 561641 -203 3374
857545 -450804 -90 3284
-683865 -1336214 90 3374
-364757 471259 -208 3166
-432668 1772504 415 3581
761446 -165640 145 3726
821188 -1275675 200 3926
273886 1790176 495 4421
-131498 -67449 50 4471
-127198 713315 436 4907
-406707 1020680 203 5110
-425578 1682260 88 5198
300996 315538 313 5511
633584 -779460 -140 5371
-859926 1703468 -101 5270
384711 1548664 -51 5219
46313 -493120 -205 5014
-812835 -673751 -133 4881
-151804 -633641 253 5134
-286634 -401838 -452 4682
130138 888074 415 5097
-407477 -219495 327 5424
221026 43329 114 5538
583763 1181843 386 5924
-56881 -1521984 -479 5445
206158 193699 -1 5444
327736 -1354396 -202 5242
770707 -774060 -67 5175
-877220 1491480 -22 5153
-869385 430460 355 5508
-291888 -567959 486 5994
423732 952329 -199 5795
174417 -810939 27 5822
629392 1280446 6 5828
355884 230333 -357 5471
535982 -1706618 350 5821
-352396 -1588276 306 6127
-308050 -1094377 262 6389
209587 1030659 150 6539
-841956 -327875 152 6691
290618 1737864 -74 6617
-86940 1249613 -90 6527
468295 -1473988 232 6759
-742038 1778422 -262 6497
-105122 -160887 242 6739
803895 -81109 212 6951
392159 -1092406 -205 6746
-613527 -1099422 408 7154
-119572 396198 478 7632
-743680 -306579 187 7819
684520 1071786 -460 7359
809299 200813 -434 6925
-448160 1278326 -15 6910
-584741 676619 -116 6794
-806735 299547 -420 6374
-183929 505651 -490 5884
402058 366832 -85 5799
58748 733378 -48 5751
246658 -1069913 -122 5629
-786882 -139649 288 5917
58499 -1696750 445 6362
711524 1077525 22 6384
-557275 559325 -302 6082
186438 1143680 101 6183
365405 89534 -383 5800
-775024 -206306 150 5950
-640661 -1110182 -207 5743
805311 263288 480 6223
-315799 -850203 -204 6019
