4515 1379563 104 104
-271878 217760 498 602
-591603 -1089065 -5 597
-798050 1262449 128 725
546572 -625626 -90 635
-153858 -532796 -107 528
60227 53977 80 608
386489 178348 176 784
624701 656012 324 1108
-463914 -1403990 -299 809
686773 1470986 -474 335
-564572 326930 250 585
444337 -1773006 -321 264
-691810 1731545 -264 0
355898 1265770 13 13
210644 443475 -13 0
-817379 -1522151 0 0
743308 -367300 0 0
-560013 677462 398 398
430230 805569 128 526
-746544 1005004 446 972
699227 -434818 95 1067
640598 -551945 -376 691
271609 1310981 407 1098
398417 -242074 -106 992
-221651 -1717346 -201 791
843913 -652334 -441 350
-600282 -542798 -350 0
-313375 -991881 132 132
809190 971768 -132 0
160041 606704 0 0
551971 -1720953 184 184
-30818 1234005 -184 0
-109528 1366942 0 0
471875 -1442800 408 408
631635 1586957 105 513
-688744 291639 372 885
624831 -3727 434 1319
-23703 1098630 -142 1177
662680 1489517 -251 926
23617 -1420677 -350 576
874185 -786958 -368 208
102677 24912 61 269
-233325 1349380 -269 0
734737 1136155 0 0
-219358 -1577973 0 0
63541 -396797 279 279
-835728 1022907 443 722
197555 754184 462 1184
-248560 -293307 175 1359
-120070 -109178 -409 950
26938 111529 191 1141
877429 1126080 95 1236
-505312 -304202 1 1237
528274 716938 -334 903
405744 -1581430 302 1205
-441645 -696974 92 1297
289183 -1103957 -280 1017
-884508 -725662 493 1510
634397 1617099 116 1626
-837910 -1089464 -199 1427
-650555 142799 204 1631
292292 -848037 -188 1443
-479574 -261941 415 1858
366564 -1461240 -439 1419
381086 855568 -28 1391
-180723 -1243591 -483 908
377060 1363771 -371 537
-794240 1658930 -418 119
-608209 1004161 208 327
52218 -1695656 -288 39
53112 -1294209 -39 0
711671 -891526 0 0
825160 1132108 468 468
360065 275081 21 489
303562 1338929 -34 455
872300 -1370339 424 879
525898 -750858 -386 493
-263033 707033 448 941
373982 -974487 118 1059
-118370 194313 -243 816
-254530 142322 380 1196
76774 1566202 422 1618
133314 23491 -357 1261
755786 1688934 -470 791
375578 -332591 -54 737
631496 7330 -465 272
639359 920339 -43 229
-166052 -1652646 145 374
882460 -1521775 -62 312
739496 -1127811 337 649
345666 1372063 -76 573
380712 -198248 -57 516
-814350 -1105161 -8 508
78656 1627889 -305 203
-703560 63036 -203 0
177188 -1426525 426 426
-528217 -123154 -136 290
101321 1051400 384 674
883742 -1417984 298 972
533793 295225 -206 766
722065 1253672 58 824
380802 -193787 250 1074
482742 -199175 -246 828
438220 -1385425 -111 717
-761780 -212747 9 726
-705875 728450 -82 644
39556 -1212801 -1 643
153478 960213 356 999
-795837 937965 441 1440
685238 1485974 283 1723
780646 -1229920 51 1774
