-741657 48712 0 0
-679720 -320774 0 0
510163 -133024 470 470
102057 1068393 -7 463
-68853 369371 101 564
-862032 -746649 246 810
-665723 -751303 342 1152
-443883 -1436182 233 1385
714532 -619042 174 1559
-528295 147680 -20 1539
142996 -217868 -160 1379
872297 896322 -155 1224
148917 -1136504 63 1287
143530 -794282 385 1672
-577914 -170977 -10 1662
70961 -958495 -486 1176
282228 -735575 252 1428
-352253 450000 217 1645
144333 -1757099 420 2065
170241 1279284 -265 1800
165506 122509 341 2141
-206597 1139698 44 2185
-584052 -100901 -339 1846
835461 -1745199 -420 1426
-628602 500579 276 1702
-181817 -1240165 -462 1240
888736 -726522 241 1481
672783 -555740 -408 1073
32054 -1793564 -278 795
436090 -464045 145 940
-691416 -1695670 151 1091
-565369 -893215 -67 1024
-533869 -313075 -91 933
-605064 -517912 -100 833
-509610 -1414231 69 902
847260 -1025384 381 1283
163014 857068 25 1308
-29508 -1732280 -420 888
-863934 1754352 421 1309
335286 674407 206 1515
-360871 294175 -119 1396
208197 -1338230 442 1838
635319 -1605785 145 1983
192130 386893 -123 1860
149320 -1243702 486 2346
329360 -1407409 242 2588
408090 -1527827 325 2913
520921 -1499226 -222 2691
-370950 329201 76 2767
-857905 -350769 281 3048
-376308 805793 -264 2784
76310 1549013 217 3001
681236 316020 -101 2900
686362 726320 -73 2827
698142 -700108 67 2894
544638 37890 375 3269
-157458 -454817 -365 2904
-61146 285331 23 2927
-743987 -211964 106 3033
-341744 118182 -119 2914
820523 1256909 -295 2619
750759 -112546 38 2657
-40004 1096034 -261 2396
-788741 987157 -217 2179
471811 -702840 -214 1965
-778647 -1759103 257 2222
351638 -779350 36 2258
57878 355269 -214 2044
878923 -116084 473 2517
-612245 6769 -438 2079
371804 1252055 -105 1974
79064 -1756789 398 2372
750312 -1660487 33 2405
-280297 -1352883 41 2446
-870376 -647456 340 2786
-132548 1377522 156 2942
573554 737879 -63 2879
686637 -574888 -342 2537
-340749 1634926 -312 2225
-770281 -1496660 307 2532
-730757 1017037 290 2822
-509381 -182444 -259 2563
39003 1584839 148 2711
688245 -1238519 46 2757
-236399 936659 -209 2548
-477780 103319 457 3005
-30130 -1381623 -174 2831
-573030 -160888 -53 2778
14612 -802529 127 2905
252053 -1022881 204 3109
499937 -1227187 72 3181
306790 1457910 88 3269
457494 -1316857 -116 3153
-260872 -817104 151 3304
-378301 1722419 -209 3095
-891717 -445405 -92 3003
109450 -1072814 -252 2751
338848 -1288951 -418 2333
-91929 -562990 359 2692
219926 -1181325 35 2727
448222 -1659047 -334 2393
-546755 -1115633 -491 1902
721463 1528346 16 1918
856744 -1628647 124 2042
