-397978 1540592 0 0
-223319 -155675 0 0
-344030 -609370 0 0
209699 -1799833 313 313
509039 1036878 489 802
331932 -430377 -128 674
-403760 -1343814 -225 449
-766087 -1098650 95 544
770212 1262196 -426 118
653357 1550647 110 228
-171086 1042549 483 711
-181335 418833 438 1149
-106139 -1278957 476 1625
553437 1390752 198 1823
-884703 -1228816 -385 1438
-773252 18765 -440 998
-263801 161181 11 1009
59031 405748 -387 622
-391417 300366 -67 555
-494241 -1506900 -351 204
-765806 -1093446 -204 0
152404 -341095 192 192
170952 -664835 -192 0
492512 610587 0 0
-520690 -1481134 469 469
109213 1255582 305 774
-707567 128403 357 1131
-808084 -308847 255 1386
111193 -1472640 -79 1307
-405957 118397 461 1768
-573955 -1611644 242 2010
333417 -438017 -93 1917
-825167 1666242 -411 1506
-390194 -1281469 -104 1402
83773 -263629 213 1615
-668888 1781200 324 1939
-877876 111836 -111 1828
476940 -166417 -198 1630
-413530 -662876 154 1784
202749 572441 -150 1634
195612 536840 -118 1516
-783661 1675270 -401 1115
-785110 -1075821 395 1510
-288425 -75496 -298 1212
-525512 -909546 199 1411
357578 -1606923 -500 911
284534 1408197 438 1349
-53302 397944 -379 970
450207 -732070 -248 722
-868360 -745640 -227 495
223516 1472052 352 847
670060 938514 242 1089
-396925 -774286 54 1143
-461350 -517917 375 1518
749915 1235864 -15 1503
30245 -388435 447 1950
609822 881787 376 2326
-832914 1360461 -387 1939
813497 548545 -379 1560
545762 1790451 308 1868
318788 -197469 -258 1610
400351 -1293815 -377 1233
-588838 1648387 -411 822
-650667 -1233406 -195 627
-26124 -1456094 -455 172
-118438 -1684409 122 294
-383144 1225891 -294 0
-458300 -1261810 460 460
-655780 1512169 -290 170
-862867 1591369 262 432
-581874 263107 299 731
-431880 308645 -247 484
779980 31115 393 877
827940 -1744373 -174 703
-154777 -280636 22 725
-25622 1109936 198 923
711290 -987996 328 1251
-710013 1231714 315 1566
-738191 -428558 27 1593
-256653 519230 449 2042
465752 -1295399 -205 1837
-828526 -1296178 291 2128
499133 692750 -84 2044
451340 307603 -82 1962
-458470 -750795 -484 1478
469787 -333805 23 1501
-593835 73048 -270 1231
-769047 -143912 224 1455
627191 -550768 -453 1002
807659 -1116830 -469 533
-752487 -1297295 -153 380
-12938 1040429 -152 228
-391077 1534449 410 638
855372 -1285136 -426 212
-105992 1738647 -212 0
284572 582023 300 300
-118415 -358602 212 512
67624 1235096 -275 237
461210 -377386 -83 154
-557915 -125524 -154 0
-460269 61715 376 376
421757 606588 459 835
892969 130472 127 962
138167 -513494 -426 536
-309233 -531330 -161 375
-844048 -833557 -140 235
-256194 1731306 180 415
299830 -696735 -393 22
317593 1144021 -22 0
750008 1396456 230 230
-547310 1777855 457 687
-480407 -1563566 395 1082
96380 -604164 421 1503
-888343 -721895 -160 1343
-287443 -1247852 -218 1125
451361 -871956 441 1566
-40691 -936521 213 1779
62287 1309460 -367 1412
226528 -204420 -383 1029
443083 -1495543 -244 785
-329724 -1492293 50 835
-58667 320828 94 929
777180 -2425 98 1027
-417629 -653721 -261 766
511186 -354671 -436 330
553246 629916 3 333
-769671 -1111417 -178 155
704579 -1612013 30 185
863550 913739 398 583
123211 1211651 -361 222
129615 1270472 -222 0
-235936 -1542673 139 139
73961 1222252 -139 0
-323223 -988121 0 0
400019 25474 0 0
571335 48621 207 207
378382 -1367402 -207 0
-473987 -1164139 493 493
-307120 -8692 169 662
90769 -1452613 258 920
582393 1396308 -471 449
467936 -531793 382 831
-529298 -1725464 -147 684
-275187 -113776 -428 256
-603568 1555725 -256 0
599329 -133030 105 105
-702895 -129963 140 245
371732 414496 55 300
803185 257942 291 591
