-237624 -647233 0 0
447826 500883 0 0
-466059 486515 0 0
-419663 -825830 0 0
-807740 257000 0 0
-492064 -105137 0 0
614582 1588706 69 69
-743283 1145381 -57 12
147610 1105965 442 454
550102 688466 462 916
-173997 -412995 -297 619
376974 -433591 -142 477
684679 -1336118 -368 109
769970 -1794005 -109 0
-862305 1431683 0 0
38230 372602 0 0
-421966 -517465 0 0
-792619 -895994 0 0
-791867 1083850 0 0
380871 1255953 0 0
-100149 -1103659 21 21
-334375 1519064 -21 0
-725115 1662984 0 0
-875297 840591 71 71
604580 1250477 -71 0
-374269 940678 0 0
-809477 966388 205 205
409906 -1451458 234 439
394308 488826 12 451
-264846 883623 391 842
60187 1306424 112 954
176064 -1020053 -138 816
-384209 382865 5 821
309155 351291 260 1081
94827 -1273486 -372 709
656220 939427 247 956
-555275 -1173555 -230 726
-950 1615661 47 773
-537551 -1526216 152 925
-809890 567879 80 1005
261871 -1074288 -65 940
297847 249426 411 1351
669322 -1357098 482 1833
289655 -330902 374 2207
-753031 255316 355 2562
-840777 -991523 -481 2081
-6781 -1266312 141 2222
652274 1489993 448 2670
740325 1677373 -213 2457
-829431 -1528042 -334 2123
691165 -1339334 -402 1721
414319 -1149669 -271 1450
222939 -417826 -141 1309
-257238 -1575503 -197 1112
745291 -592783 358 1470
733505 8002 369 1839
-69809 -1473301 43 1882
885879 -1287135 -346 1536
828994 1032957 -77 1459
-328840 1368155 -88 1371
865813 606694 -279 1092
-225920 1027038 -117 975
432471 1024903 135 1110
-455998 -56531 -385 725
-362359 984266 480 1205
-466591 -256165 -305 900
-319064 1344503 -190 710
-789852 1600250 -406 304
185427 -519649 7 311
-351931 159505 244 555
643585 -968389 273 828
179926 -1237235 174 1002
-764870 130407 413 1415
689305 1239181 -7 1408
685069 1423753 -310 1098
801740 382795 -293 805
-753082 260658 -427 378
-586568 1204784 22 400
-766541 -1761260 -337 63
-422445 998498 -63 0
-165254 1229131 0 0
-68418 -855436 0 0
832653 1592282 0 0
-125514 -1094564 176 176
-276231 1080901 283 459
73363 894610 102 561
-306837 -1401903 -221 340
-37050 -580794 -111 229
-421706 924884 -174 55
151256 -20202 -55 0
-369860 -1583297 0 0
-741850 -943733 0 0
-47002 -1380518 427 427
-598261 -940752 -427 0
-898853 -82092 51 51
351916 -770814 296 347
75778 -1530215 404 751
15014 -1488427 -307 444
420329 1649679 325 769
721 1062038 -461 308
593988 636958 268 576
566045 110404 -448 128
-863977 -1650718 48 176
482499 -818412 417 593
-196702 116971 -464 129
338929 1012591 461 590
255176 262505 -28 562
224999 55062 -164 398
810500 -309968 -140 258
897174 102226 -258 0
-665536 -29793 0 0
-297731 901128 0 0
-35604 -1139515 0 0
-48619 -342922 107 107
532431 960043 345 452
107738 1696270 -452 0
-786241 862973 0 0
379500 -1511536 0 0
209032 863577 0 0
59621 1038869 71 71
415711 -638149 336 407
510033 -1003672 -1 406
84498 -1266796 306 712
720675 1319666 238 950
-637496 272823 253 1203
622170 -1071689 279 1482
-637371 -891615 -298 1184
803793 377567 -355 829
-672453 98876 70 899
702481 -21521 168 1067
863845 463592 -172 895
118118 1120983 -72 823
-362978 -10356 386 1209
-66682 -41956 -488 721
463356 741039 -433 288
685485 158161 -158 130
676175 1232060 -130 0
