-840015 1012476 456 456
-465369 473202 -140 316
-416353 -968799 444 760
-96753 1080066 -423 337
145821 -1534270 121 458
383543 -405734 -356 102
677974 -1242096 462 564
-441316 -1537779 -422 142
38769 1520346 -142 0
629523 -984390 401 401
-147968 -1019607 -156 245
-608755 1761202 -66 179
-388388 1047073 444 623
852410 180012 -111 512
-656424 1276413 -367 145
808925 -964035 348 493
-311591 565151 -54 439
220626 -1154250 324 763
-877216 699024 149 912
-608602 1734467 237 1149
175183 -758448 -11 1138
-267594 -351222 350 1488
443023 523965 281 1769
-315258 -549940 -252 1517
-137723 -1270020 1 1518
628672 -184386 277 1795
-627087 -1157252 221 2016
856675 -407883 447 2463
770241 1091689 0 2463
726868 -541172 59 2522
625492 -973065 -416 2106
-167681 -1463899 -83 2023
79414 321888 309 2332
713883 -268770 383 2715
-394774 847990 164 2879
299832 478339 152 3031
-537307 605690 -187 2844
714454 401108 -447 2397
119191 682011 217 2614
-880196 896753 -401 2213
-50902 592494 93 2306
-556242 193986 381 2687
91172 -1137563 -265 2422
132591 -376853 34 2456
-617075 -407573 -53 2403
-728810 17591 492 2895
222897 92828 -295 2600
-226807 -754302 -157 2443
-71150 -1782228 197 2640
458666 -535456 -487 2153
-124707 -1294057 81 2234
408243 -1158929 -108 2126
491453 1729884 -309 1817
