-102118 -1249692 0 0
424095 1589079 0 0
-526434 1622896 0 0
646154 -131110 497 497
-58802 -641006 161 658
737641 1436552 -94 564
817568 -1728798 199 763
-557 -1365845 295 1058
-269050 1366732 436 1494
-117701 714097 189 1683
594534 1698741 -34 1649
-393674 -885556 450 2099
716099 -1100771 106 2205
629763 1091121 435 2640
365445 -1565909 -402 2238
632662 -1557187 -28 2210
682742 972020 -220 1990
-769677 684904 -30 1960
-782447 1612909 298 2258
-599875 627642 -309 1949
805824 -1283576 271 2220
-634159 1070084 -307 1913
-40441 796653 -168 1745
225168 589785 -492 1253
5138 1006604 202 1455
-435104 1260540 160 1615
