-492257 -382622 0 0
633768 -9789 0 0
-769740 1730503 232 232
-285450 38505 -120 112
-381210 1439438 -112 0
725543 -550168 0 0
245305 822085 227 227
-309829 -1119140 145 372
-675547 -277493 467 839
522286 1220801 -225 614
467425 1127052 -467 147
313829 1537303 -147 0
-897791 420630 0 0
-207650 -1172302 0 0
795490 -953734 0 0
514211 -142142 227 227
502024 -405261 -95 132
-665859 245099 210 342
-892289 -1423277 193 535
671919 275007 -51 484
362472 948940 -282 202
415229 157592 466 668
-515831 -601079 -12 656
-78448 -267279 -253 403
273424 -740297 -193 210
-708748 -698806 407 617
549682 -636112 297 914
31538 -840948 279 1193
615490 239466 153 1346
43106 -329730 -346 1000
769159 550392 -148 852
40332 -675712 356 1208
878612 1415765 -173 1035
824707 1340260 392 1427
647508 -10723 473 1900
834133 1546436 166 2066
680036 -1488982 235 2301
-559726 451587 193 2494
-899641 1088946 424 2918
-714731 576565 334 3252
-409433 1133492 194 3446
629952 -644627 -184 3262
676886 295521 358 3620
23214 995525 -340 3280
293084 1586866 -247 3033
-539993 45118 -185 2848
862903 1273284 162 3010
80609 -1581519 442 3452
143755 -1544914 196 3648
-700210 -650245 -117 3531
-32391 -743662 -391 3140
-117612 -1393747 -389 2751
-374024 1583547 -204 2547
653424 -1129000 213 2760
815213 10114 148 2908
-689638 -227292 172 3080
853241 569265 285 3365
209292 1552853 -130 3235
-450377 1454575 344 3579
555841 479211 28 3607
-516795 -1298394 -257 3350
-686950 1629779 -176 3174
699758 -911118 49 3223
-160658 781884 358 3581
11326 -910501 415 3996
191673 -1136750 -46 3950
175098 236216 -360 3590
241447 337203 -374 3216
39898 -984631 8 3224
23789 -1415862 -195 3029
-96679 -785340 -99 2930
352801 -777844 36 2966
43974 412213 341 3307
-889720 174496 55 3362
605683 196022 124 3486
513306 1209358 -156 3330
442358 1669873 -74 3256
-76356 365554 378 3634
-279705 -1436868 -263 3371
724536 785826 -479 2892
-680056 742767 -162 2730
-385083 1075445 -234 2496
257338 163386 287 2783
-412881 -29183 -166 2617
-368333 -921506 337 2954
-18232 -430430 -469 2485
-434364 -678073 -296 2189
-520092 -1523186 499 2688
-288963 -763076 -493 2195
-398511 492418 -119 2076
-413190 662685 453 2529
-533451 -1005435 372 2901
-646363 1759546 -209 2692
378233 -1765577 -354 2338
59509 785823 466 2804
833101 -1398007 -106 2698
663686 -1118923 373 3071
338909 230682 -415 2656
-866272 -858715 311 2967
-817693 409801 -259 2708
-474005 -358192 129 2837
-756105 730510 54 2891
-38329 1183310 -77 2814
644198 1629825 84 2898
-599819 984290 -17 2881
690831 -40974 292 3173
-446582 836426 199 3372
296617 -285707 267 3639
789423 1264510 -393 3246
-767123 -717456 178 3424
622144 510681 213 3637
-852259 -905805 -192 3445
883539 -1644217 -181 3264
-690156 -1058453 163 3427
435425 -62775 484 3911
-127940 869873 72 3983
-876165 -1466841 7 3990
-145312 1656106 -1 3989
731785 167403 423 4412
494745 -695508 -353 4059
-740958 234657 -103 3956
-150144 -595000 -29 3927
-763777 364666 377 4304
139072 1404516 248 4552
-113464 -266447 -132 4420
609805 38951 166 4586
-29545 895320 -363 4223
-410144 656194 460 4683
107188 -76247 339 5022
-196035 -970878 -427 4595
649312 1515089 497 5092
-147908 -1483555 -116 4976
773942 -1497026 416 5392
897659 282186 -157 5235
-761220 1615677 -228 5007
-285499 735331 -77 4930
-631803 -460403 -131 4799
360109 400986 69 4868
-441776 -1401328 -28 4840
-164829 629494 -322 4518
-468898 -342350 -331 4187
331331 -795 -153 4034
50277 467865 180 4214
513798 -1417121 -447 3767
723339 245107 -433 3334
2301 -1761436 -260 3074
355695 1162238 -329 2745
31992 1070801 384 3129
264846 -1762370 289 3418
-455388 1756923 -2 3416
633984 -206679 -457 2959
-663106 -600332 43 3002
257880 891566 222 3224
-232942 -1633127 -420 2804
899923 1531072 -414 2390
-218553 -1019586 168 2558
195075 1302528 383 2941
388728 -783178 -239 2702
-455494 -51734 -309 2393
-640968 -1401023 -132 2261
796867 -923635 -394 1867
365829 1331134 -429 1438
-422478 1668624 452 1890
770354 1565687 -145 1745
-428777 -26658 454 2199
-888617 900801 -111 2088
772637 -464525 -64 2024
571373 722174 44 2068
-633477 889943 374 2442
-26521 136868 417 2859
-29524 1517944 491 3350
-533332 -202576 -197 3153
-879673 199367 -325 2828
-375809 1442531 70 2898
724600 -601181 183 3081
-64611 895110 -277 2804
267059 1266539 448 3252
79922 323475 -58 3194
281741 -176803 -48 3146
427515 1767288 111 3257
-889279 962543 154 3411
-780653 -1707884 434 3845
568859 1522759 353 4198
-858278 948122 499 4697
-487086 -1725682 56 4753
-870368 911580 466 5219
760725 1462245 -300 4919
-747410 263205 226 5145
-396392 1150385 -265 4880
-625095 319340 -423 4457
-566058 -1253186 -447 4010
-394574 -1274897 27 4037
4100 702431 471 4508
500386 -1042065 -82 4426
884096 -170987 -22 4404
-531866 -1619527 -45 4359
-605096 -1740871 -378 3981
-812105 82582 423 4404
-388106 305968 -465 3939
-616372 -432925 -136 3803
-497684 1531652 469 4272
-738158 -720913 373 4645
38524 69296 -418 4227
682322 1526797 -215 4012
106007 -1606007 -56 3956
-137380 -381125 -265 3691
246914 1473129 -437 3254
86637 957303 63 3317
114829 -1223947 39 3356
521905 -1768429 499 3855
-373099 11822 -146 3709
-635261 -139091 -294 3415
