708381 209451 439 439
-61547 980765 -371 68
374995 -1100792 360 428
357533 415383 152 580
-83786 575203 -308 272
-528469 677078 -272 0
-367190 -1356058 389 389
-859981 1567319 297 686
150638 -1311396 -183 503
-125881 -995264 -429 74
-85692 1629335 478 552
393158 1648979 382 934
-51638 64066 243 1177
546756 890376 377 1554
-123350 -1173218 -294 1260
231623 -806406 134 1394
410992 -1642645 0 1394
-404272 101048 381 1775
539015 477607 432 2207
865636 -671609 -11 2196
-631436 652893 -164 2032
-181178 -109529 -125 1907
164838 1281210 197 2104
589342 1559872 242 2346
267117 152849 -293 2053
-794030 765225 -196 1857
241842 -1066347 -352 1505
-224568 431867 -487 1018
-96474 -1561479 -458 560
68389 -1411397 337 897
778128 -1721931 247 1144
421945 -367990 -96 1048
703765 -373725 425 1473
-745909 -940970 -232 1241
723046 -1074564 -414 827
-312511 1692736 384 1211
-19364 97343 -2 1209
-587751 -786751 -421 788
891243 -115734 437 1225
812604 1315195 101 1326
-343427 -577695 233 1559
592847 -11945 287 1846
-126193 1109929 -119 1727
-764425 -588906 -482 1245
-359271 -1085505 -233 1012
-851911 -850283 -362 650
-240586 1732707 27 677
-369118 112582 -79 598
6903 1216045 140 738
-283503 -736899 216 954
-23262 -922386 -487 467
327170 -1115199 -119 348
6969 -1579590 -276 72
98151 1139680 -40 32
371504 -89367 -32 0
144885 1008545 0 0
720372 -476513 0 0
-636420 277392 0 0
745815 -89802 0 0
279759 295 29 29
-583505 -59509 -29 0
211896 -295269 0 0
-795109 -1666421 0 0
-55893 499471 56 56
486257 -1742944 62 118
-785499 1736388 340 458
-594693 -375673 -109 349
-644117 -337989 -320 29
-835168 -1672010 1 30
528500 1784532 -30 0
-267798 238381 415 415
-631113 1586397 401 816
92327 651399 230 1046
-674551 -642453 -10 1036
-682488 -302136 -67 969
329466 584437 452 1421
-599848 -287623 -474 947
-700962 -1469010 -486 461
-379838 1014991 21 482
50335 1216255 -67 415
-284300 687717 438 853
320810 -1503789 -28 825
617266 290285 27 852
-116865 -939401 301 1153
856262 209646 66 1219
798997 1492320 15 1234
451194 1384858 -6 1228
-345115 -864064 266 1494
-476352 670064 -59 1435
-745216 -1320993 342 1777
-635633 -1093510 42 1819
-491027 613774 -284 1535
653269 263825 476 2011
-174861 -887011 -36 1975
-332354 1676535 323 2298
-883365 -1615513 481 2779
-106675 462660 402 3181
-133879 -717641 -20 3161
695868 228711 -432 2729
714549 -1000397 112 2841
397427 -1440586 -265 2576
608798 -442318 -440 2136
-794415 437672 -453 1683
498865 -1285060 -189 1494
568498 751848 -458 1036
-397131 -1502423 213 1249
222844 -1686946 39 1288
559545 702274 -46 1242
-340045 -1088051 -170 1072
-99952 366659 162 1234
-430730 -836053 -337 897
-86893 943896 344 1241
-532735 1128525 268 1509
-498132 1768727 410 1919
-68566 980969 316 2235
-32160 -1474437 -341 1894
-722162 344180 119 2013
-803950 361969 207 2220
-814890 -306712 431 2651
299168 -870292 -6 2645
167811 -532297 436 3081
-314046 -1285364 -112 2969
-407508 165618 -281 2688
712959 -1754727 299 2987
767466 -380608 306 3293
72956 70606 356 3649
-187867 1773039 -406 3243
-682858 -137375 344 3587
-461106 795323 -183 3404
-746434 135112 -345 3059
-345256 -1717703 -151 2908
-673928 759935 -206 2702
-9209 1534905 80 2782
-13918 1410290 203 2985
19528 800579 -118 2867
-281409 1659531 89 2956
-518475 1596886 323 3279
-679979 -1660173 45 3324
349869 1489318 460 3784
682522 1045452 -285 3499
85139 87787 -430 3069
-666736 1747992 -153 2916
-298660 1736309 76 2992
187315 -775738 107 3099
684859 1755577 -193 2906
-254081 -1108427 320 3226
-742707 -678257 -251 2975
428890 635876 -324 2651
134881 -1377900 -275 2376
-179850 72578 -288 2088
-795181 132757 -163 1925
357248 -607565 -347 1578
-609520 1597134 392 1970
-885312 -392856 -369 1601
9891 -1128603 -377 1224
112686 906925 -79 1145
-332354 702659 12 1157
-448345 716196 -5 1152
270521 1532725 429 1581
533069 -734083 324 1905
898961 145179 185 2090
730073 -1606232 -59 2031
-868962 -31920 -308 1723
574956 -909164 133 1856
781139 -667131 -94 1762
-576633 1553610 188 1950
475120 631048 227 2177
-767293 -244275 -494 1683
-820994 -335872 -224 1459
-479967 1154412 97 1556
119720 359735 -145 1411
394662 1141019 -73 1338
447330 -796326 346 1684
-390695 1573041 345 2029
-661985 -1306414 -321 1708
883034 1447579 -130 1578
737384 126073 295 1873
317585 947442 448 2321
722571 -1098680 397 2718
-178829 1585798 430 3148
-667646 456867 390 3538
874749 35286 -220 3318
242355 203456 318 3636
-754739 244803 312 3948
803403 -628514 154 4102
-775417 -1144535 41 4143
-196892 1418592 390 4533
-33382 -7197 356 4889
465321 475325 204 5093
136585 -960790 224 5317
31396 1711054 429 5746
-321198 -368890 -74 5672
-117166 -1217851 -85 5587
441841 -1692442 111 5698
801495 399358 -284 5414
338957 -1733628 -35 5379
118051 13678 36 5415
-665054 -1695950 186 5601
-818850 -835242 162 5763
-244119 197869 251 6014
367037 1234576 -485 5529
-806987 -315519 195 5724
-222170 -100966 392 6116
108456 1077801 463 6579
804632 936823 158 6737
885873 460473 -496 6241
25476 1435778 -317 5924
371142 -763360 9 5933
-895965 -956612 -378 5555
385934 -437575 -229 5326
-614308 1683209 12 5338
