289438 -927110 144 144
-833324 -550549 15 159
227605 1181672 -159 0
874610 -1411836 160 160
711567 1138582 242 402
710238 -900306 -115 287
822623 -312945 400 687
878389 -1596502 40 727
-669573 -1772684 -285 442
-527649 -1076602 217 659
-652050 -1677137 -64 595
-320610 -929211 -335 260
-263189 1098396 -126 134
-517349 703637 -134 0
698118 239225 0 0
-887823 384808 269 269
-212738 -1730318 191 460
652544 893181 -317 143
520497 1168910 -143 0
-31025 -1762893 365 365
-690629 -1057151 250 615
-12873 -667324 -420 195
594256 -1733765 -195 0
-353726 1720333 0 0
-778400 -856765 0 0
-6817 384463 0 0
822767 -1417564 103 103
882418 1417060 473 576
849102 1755310 -15 561
794441 -1337096 -305 256
-815524 844022 -102 154
368775 -596119 -70 84
-142047 -1406990 -41 43
257251 -514175 167 210
44972 -398429 84 294
404502 1437540 41 335
-65821 610708 326 661
805064 -423338 122 783
496712 785027 378 1161
894193 86175 343 1504
-44269 -239906 133 1637
-729505 -1336589 -75 1562
182954 1129748 401 1963
-770297 -558554 -460 1503
-816986 34580 -43 1460
-667867 -37397 -413 1047
-179739 -1042582 -271 776
231571 -676156 -68 708
475821 1198155 -179 529
-737436 -107494 397 926
-124655 -1759756 -104 822
-841002 -1772447 146 968
-396614 -521001 -196 772
-307747 -1599261 492 1264
-201992 356707 453 1717
-229481 -1256729 187 1904
120008 -1058077 40 1944
494288 842873 -469 1475
668240 386038 -27 1448
536659 757643 451 1899
745740 -1185277 -178 1721
358575 -1146609 281 2002
677324 -471386 408 2410
808280 -1146783 194 2604
-14670 1651548 -242 2362
-505326 -348096 447 2809
229826 -1529804 -306 2503
611562 1147118 -422 2081
-766164 1304660 -147 1934
-372458 298170 464 2398
-775694 -1352562 166 2564
-656496 808689 320 2884
460403 -22718 -120 2764
530873 364519 -176 2588
-438548 820365 162 2750
263971 379124 -357 2393
-814543 -412412 -374 2019
-481279 904907 -363 1656
-850191 910825 242 1898
-520789 -883008 244 2142
-346337 -794723 -35 2107
452697 527427 -154 1953
446374 -789995 497 2450
-23237 580277 -157 2293
-640661 -1629426 -405 1888
-630814 1169458 -372 1516
403148 77361 104 1620
-516463 1112476 64 1684
-426776 249456 -260 1424
-824378 -1695032 335 1759
-131455 1388092 -193 1566
-66801 -780315 187 1753
179939 1723572 197 1950
715405 42930 244 2194
-581475 929729 442 2636
433879 639225 385 3021
-136766 310979 -489 2532
-841031 -303850 323 2855
449786 -1412325 -359 2496
584156 -1119716 -157 2339
271600 1077586 -421 1918
770881 -1560206 -94 1824
-898137 360644 -336 1488
115924 -1564781 -18 1470
-276479 -886724 -380 1090
257889 73463 -128 962
87572 -1150190 -311 651
584322 1225650 327 978
-257250 -1018648 428 1406
-836330 -1194257 68 1474
71265 1009784 -372 1102
502482 -477391 108 1210
222297 580603 -182 1028
391924 -1317916 58 1086
671511 -620255 311 1397
225287 -911991 -239 1158
11233 1554534 118 1276
831538 1413440 -497 779
-80927 -724604 165 944
761501 -623499 -448 496
690964 -1571914 -146 350
704381 1286469 170 520
2151 -257639 97 617
-165983 -222310 51 668
849969 -1275996 330 998
30181 -239559 411 1409
-161953 -115728 6 1415
53015 943154 -286 1129
-480338 -858423 -374 755
645627 -1404167 -46 709
-402530 1580841 -187 522
240940 -1078512 -347 175
342445 -1547758 498 673
-605202 342756 -410 263
-803012 1649662 -244 19
648422 -158808 -19 0
497330 1195327 0 0
383324 -772258 173 173
-864610 1253079 176 349
-376493 91081 -44 305
753510 -10885 168 473
178553 541024 -90 383
710277 -712059 364 747
463319 -1080651 -238 509
-164423 1530238 -427 82
-212974 -1461399 -27 55
659090 -1290274 122 177
-462488 -26481 -177 0
-743166 -877688 8 8
