-142683 -1564922 332 332
-73537 -89602 -332 0
527681 -259071 138 138
-607245 769435 455 593
654267 -430490 -464 129
-606021 429988 313 442
134976 1434833 -306 136
-812922 -345412 184 320
801917 -879794 -320 0
-510452 756596 242 242
301692 258608 100 342
692294 746360 -342 0
818101 281416 332 332
627503 613235 460 792
583095 -733701 -243 549
357585 359570 65 614
141801 1175322 29 643
-40558 553919 -149 494
114112 -1465096 -85 409
99987 -1720788 -262 147
709750 468540 -117 30
-353848 -254196 -30 0
-531690 1042048 243 243
-81290 -1467705 25 268
749506 59258 440 708
313726 -1380441 38 746
-894329 -698537 302 1048
450972 562971 -382 666
736948 -1090354 -133 533
86847 1005984 -295 238
70551 598539 76 314
108883 -1038174 -60 254
-896871 780169 -254 0
-826927 -1549217 59 59
885763 881650 -59 0
-329200 638929 0 0
-480909 -199850 0 0
-98807 1011199 0 0
244181 -249169 490 490
-51553 860239 376 866
-260347 1345588 -297 569
-860648 -1005857 -72 497
701369 402438 -446 51
-308816 837853 -51 0
-68485 -1139791 0 0
242069 -1092994 0 0
453081 -255166 78 78
-337037 979828 269 347
-116830 -317879 -188 159
728271 -197910 -159 0
336230 -1399943 440 440
-762781 1516809 -22 418
-593839 466922 391 809
-776221 -702573 -342 467
-808420 -1596004 130 597
-548474 -1642968 -221 376
-491528 1705985 -187 189
-806920 915101 -61 128
784066 1349496 -128 0
-678850 1435840 60 60
876845 1347838 -60 0
-515673 1672946 0 0
-261695 -800249 368 368
-441448 -1551105 -329 39
-854207 -836305 490 529
-171379 33034 150 679
136646 1558629 -466 213
-436848 -782184 181 394
-135855 -1722730 -394 0
595448 -886901 0 0
828565 1143304 0 0
339042 -1651835 0 0
-583759 1781056 50 50
441689 -1427900 -50 0
189212 -1599990 492 492
-20290 851392 421 913
33291 -806795 329 1242
-508471 -1707111 -486 756
675779 1296072 141 897
43849 -1372860 223 1120
-194106 -264279 -303 817
148456 365275 -334 483
701077 -812594 354 837
720362 1097061 -343 494
-824648 -555653 136 630
303635 -247356 358 988
-452974 -1352747 133 1121
-812633 183756 -199 922
607490 -1400061 -455 467
548042 398372 -404 63
-194553 1728224 -63 0
236296 -280649 495 495
832211 110944 262 757
879690 716286 -6 751
398883 1002603 144 895
-263117 589124 -455 440
826693 -1451156 -207 233
593060 1790567 -88 145
64508 -1082339 177 322
842193 -909531 137 459
149416 1053727 -392 67
-302671 -177531 153 220
-319885 -1025270 61 281
65229 1158010 -6 275
-599551 -1660063 -31 244
-334773 941230 -95 149
-379190 516767 125 274
120816 423817 -274 0
601026 1048242 6 6
-785815 -1610930 447 453
-459290 598808 -401 52
404917 -1485298 -52 0
-390418 1641394 83 83
-660267 -449317 -83 0
-747520 -1754569 0 0
-125010 -1770681 0 0
-128617 1302534 0 0
-379676 1488061 0 0
270619 -102612 0 0
477775 -1658734 0 0
-607241 -1211960 68 68
168123 -1724458 -68 0
-692796 200008 0 0
-352415 1350047 103 103
-561968 1573599 -103 0
-416852 1017444 0 0
622477 -1492761 0 0
-277609 -185006 6 6
-785834 -1426597 -6 0
-389862 -525868 0 0
663038 -146238 0 0
-144978 -414149 0 0
733502 -802429 415 415
