-704690 145860 0 0
-271364 1683404 121 121
-17598 -1480198 -121 0
-530648 1209112 0 0
645077 981543 0 0
-564760 540607 0 0
-530168 -1359471 0 0
79985 -1068763 351 351
432544 -363943 114 465
644717 -534856 296 761
813775 -831078 -458 303
541789 -1234138 -190 113
783713 1288390 -72 41
-446094 -1630799 -41 0
158404 1668901 0 0
-664061 1414403 0 0
761465 1733546 6 6
190419 -13041 -6 0
-252594 -1036229 392 392
-245034 -584658 -341 51
-164991 -1114171 108 159
421264 -1799823 -159 0
185566 938571 0 0
465446 -653744 401 401
773265 -1653645 490 891
-754290 -667144 -61 830
-136293 1476483 -291 539
-306092 370618 63 602
-762777 -529176 46 648
-695978 634454 -389 259
119258 406904 -28 231
429646 -659412 -89 142
509043 -626424 -142 0
-765158 1195910 0 0
-158899 155424 350 350
-78924 56956 -350 0
431611 -1536606 0 0
-77373 -1099932 0 0
409136 -1536950 0 0
-623089 598167 23 23
-245899 1306537 158 181
652480 -1296507 -181 0
-94719 1144840 0 0
-68648 -1077730 343 343
-431146 1686305 479 822
-559996 94395 -360 462
293155 969253 -285 177
176366 -1771419 -177 0
767929 1240634 0 0
-564410 -1327285 0 0
701750 -958198 26 26
276383 -485254 304 330
621046 -367048 -92 238
-660340 1157490 175 413
-24425 -546627 327 740
-21920 -1325156 230 970
104081 80515 -369 601
-206385 1054633 -439 162
119666 -1417790 282 444
-231139 -972398 -119 325
579142 -1555422 474 799
-507035 -1501904 421 1220
-756471 -1731919 -252 968
-148994 1630389 197 1165
-379589 717000 318 1483
-500714 453556 454 1937
574506 1274197 -274 1663
378087 805028 -143 1520
624352 -504216 -137 1383
-454474 1492014 227 1610
-442690 1697859 88 1698
158181 152380 -380 1318
-694763 -335629 -46 1272
644545 -999674 -200 1072
845028 10987 -473 599
686370 847789 285 884
172802 104797 -139 745
-499800 785693 -326 419
470662 1754675 364 783
806932 -246833 -288 495
-227720 1481756 -287 208
-9618 286509 3 211
-877478 -1364776 477 688
293095 596038 -217 471
185999 675328 -270 201
386595 573960 -201 0
297767 349033 274 274
709502 -621335 344 618
681836 -255194 -77 541
-627838 1155290 -395 146
-56765 803425 192 338
-318032 98456 -272 66
604819 -1697594 319 385
541517 -1600220 12 397
607385 -999581 -3 394
397326 1070337 -377 17
165771 614333 -17 0
234644 -92129 0 0
-647281 -1035494 0 0
879715 -41369 0 0
288941 -696578 0 0
356236 1693626 138 138
-742896 -1458289 -138 0
782449 -489880 434 434
-724974 1659885 375 809
711034 -109508 94 903
-121915 -368823 -154 749
-376608 -831386 94 843
-846199 204262 -365 478
299554 -1391221 -264 214
667481 -144875 433 647
-656295 287477 -349 298
-716866 -1194211 -298 0
-535714 231371 347 347
176966 -115022 9 356
213944 -1168432 -234 122
252509 336934 -26 96
-242759 1511273 -96 0
382257 1102003 117 117
-374916 -1004066 444 561
389983 -1151957 336 897
-618287 1518678 -294 603
-299749 -1037722 -76 527
33899 1396871 80 607
297727 -217420 89 696
-275672 203866 413 1109
-706206 401056 252 1361
-356008 698197 96 1457
-400044 1457517 295 1752
-870642 1390109 -497 1255
151215 61388 -283 972
-14384 1192104 -98 874
-793445 1137129 261 1135
316309 -976637 54 1189
-153385 606644 -419 770
-609606 169028 306 1076
-191474 -1427244 -221 855
163165 -1452135 321 1176
-32392 -1155815 20 1196
805899 647255 368 1564
-67113 -1355584 107 1671
449062 917047 286 1957
606686 1208882 484 2441
711176 -1130039 -61 2380
-334770 169984 -99 2281
707857 1775236 -297 1984
-545211 -113436 129 2113
-898645 -1474250 -330 1783
-388002 70412 -383 1400
611900 56026 -72 1328
658846 -1773573 428 1756
-397612 -190794 280 2036
375555 254578 4 2040
440062 1680241 252 2292
214199 -735861 -228 2064
-468828 -229302 463 2527
-624132 -1073247 436 2963
764388 119809 366 3329
843498 514702 -472 2857
828409 -632237 31 2888
181553 -1545542 -330 2558
-730826 -114751 -318 2240
-658430 858787 -183 2057
690989 532153 177 2234
542254 1762472 -216 2018
674731 -165637 -128 1890
-613184 232972 -172 1718
523133 -175851 -363 1355
-514418 -1096385 132 1487
-607644 -887051 486 1973
