-48164 -905822 0 0
-5536 735995 0 0
538019 1636723 331 331
-308031 -411015 5 336
721641 -1040609 -191 145
482938 -961739 -145 0
-431955 1411731 379 379
-112624 -1325413 -379 0
-544098 176053 0 0
240888 1534209 0 0
186580 -948901 0 0
345290 378286 455 455
778650 -1112398 489 944
787728 -817839 -83 861
348925 -494694 358 1219
266064 -604604 -238 981
20985 1375314 -229 752
-344449 -1772217 -496 256
686412 782144 28 284
-294754 1422581 69 353
-728022 -201741 433 786
-62816 1612808 266 1052
-424157 1096943 -370 682
-620020 -1427391 -224 458
-94989 612084 -26 432
892849 961128 215 647
-468601 -125304 16 663
431403 15561 -328 335
489290 922045 -335 0
-348364 1765982 407 407
148937 1262674 398 805
63317 699010 -201 604
439460 1889 -7 597
-31517 1487978 -183 414
-332912 -677900 -271 143
-806962 -406294 -10 133
462979 -1033048 -133 0
-438374 838276 0 0
113740 -826447 0 0
882776 1609001 166 166
-742320 -1075290 -166 0
514596 374218 0 0
691035 -664852 488 488
771177 774497 493 981
705475 -1787133 -468 513
-727702 1668101 -159 354
-161575 1237459 0 354
625410 1677213 205 559
564296 1710035 218 777
173151 -90612 -182 595
-676255 1097990 -158 437
-534163 384584 -191 246
