-844493 787298 0 0
211747 1532345 0 0
-79293 45811 0 0
-782422 138314 275 275
-315164 832304 191 466
-103763 -154034 -138 328
-220808 -1367852 282 610
523108 196224 468 1078
-491793 1140384 434 1512
745384 -1245197 186 1698
710890 -406043 315 2013
-736525 -1023922 22 2035
-693220 -52498 202 2237
-338728 -1672750 -248 1989
681879 -932917 246 2235
-896848 1747895 499 2734
-290525 134150 -46 2688
395002 1109349 204 2892
-331353 -1516572 -348 2544
-6432 -281023 -473 2071
-353862 -1513498 -73 1998
-396036 -554347 187 2185
718105 1455800 120 2305
-449789 -1616150 -441 1864
-169396 129718 239 2103
421339 -1430049 198 2301
-427887 -1438262 -33 2268
674562 539452 338 2606
-177450 1089846 -175 2431
-519832 -362272 498 2929
106027 758647 -34 2895
778528 229077 -392 2503
-230203 -1527869 34 2537
629388 -533000 -41 2496
48700 -520722 14 2510
-130966 123020 352 2862
-756798 -1659563 325 3187
599913 91729 -52 3135
881745 255325 -355 2780
435690 -837553 -305 2475
-520878 -170665 452 2927
-32650 1218918 -56 2871
-800814 1060994 -353 2518
-90410 -1726393 -227 2291
-386657 1104674 480 2771
-492432 356152 -45 2726
405697 503754 -388 2338
649730 161536 21 2359
285979 -243049 -347 2012
890802 -1079196 -248 1764
-160084 -999747 -229 1535
723071 1274190 -264 1271
865237 -829407 -477 794
672305 -158331 349 1143
-238459 -1588188 346 1489
476741 1731736 116 1605
423976 -1564599 -180 1425
-608962 -125808 -325 1100
529145 -1679558 -180 920
182644 1112914 373 1293
27144 -1142347 198 1491
431516 -420988 -43 1448
-435000 55828 -445 1003
-49526 -498820 294 1297
-668837 546294 187 1484
-170369 -1004173 331 1815
-532907 1798228 453 2268
429899 1107143 -424 1844
114319 1460752 460 2304
352114 -701440 0 2304
-691163 -351856 -124 2180
511483 170045 -375 1805
-252234 1782803 235 2040
-182760 -1426295 -447 1593
-428959 -1400233 152 1745
222001 -1331127 -283 1462
-784525 -1495129 397 1859
658401 1469067 -94 1765
-369460 811529 -400 1365
-162697 -487761 -423 942
807936 1685744 -460 482
-499231 -964083 427 909
237704 1692750 73 982
371412 1012581 288 1270
886402 -1024557 -390 880
256795 -1633927 -175 705
144225 747982 -233 472
758357 1784954 394 866
707973 -181654 -268 598
507367 -1781791 -163 435
-708951 -1779885 -253 182
64995 125127 -182 0
708487 -170740 407 407
258640 227428 152 559
862700 -1376904 468 1027
243367 -862326 -229 798
115913 -1727189 191 989
-217619 508733 422 1411
784302 -624109 109 1520
-653894 69566 -341 1179
-690975 1382221 331 1510
-713259 -1591385 125 1635
419056 1316329 387 2022
-142028 -298718 -2 2020
-158743 1589361 196 2216
-415853 -1591914 -199 2017
245501 1479171 326 2343
-134688 -1000548 134 2477
624731 486415 283 2760
-225974 1595575 4 2764
108418 1012027 358 3122
-688918 -1378423 -8 3114
367426 -833371 184 3298
853669 505066 295 3593
-452161 -205969 148 3741
857782 -1689633 -187 3554
139629 -310023 317 3871
-163312 -1722921 261 4132
746370 837034 246 4378
25870 1732110 -373 4005
-34850 1018430 154 4159
-627143 87754 97 4256
343041 335566 -133 4123
68932 989864 467 4590
-523173 -1294545 409 4999
683815 -425109 362 5361
-195889 993482 273 5634
-675222 -700588 145 5779
-297926 -792517 -483 5296
-656811 -1276581 -47 5249
-114213 1636002 229 5478
-550997 1042293 437 5915
646803 -714930 447 6362
-300226 1285121 461 6823
439874 1691171 63 6886
854839 -1721428 255 7141
828132 998827 -192 6949
700233 1093180 -234 6715
-637285 -436924 468 7183
-369398 -1550057 -17 7166
803885 1477523 -365 6801
-283446 -96427 -242 6559
-712805 -172933 -327 6232
-161833 -1006863 -486 5746
720324 -1606261 498 6244
748848 923877 -443 5801
90748 -444335 183 5984
400513 1308508 -277 5707
116690 -1665740 29 5736
235193 -928685 -35 5701
-353673 1421672 494 6195
-305093 -1403617 -257 5938
-811176 -1365764 242 6180
-157486 1617281 317 6497
567243 58162 185 6682
179245 694261 419 7101
-287730 135009 -452 6649
408470 1474283 104 6753
682012 1113973 485 7238
-34454 -916064 479 7717
-87448 1132819 -260 7457
-853365 -782879 73 7530
-243193 -949785 -216 7314
-57909 1000571 44 7358
-641320 1019395 496 7854
-683110 1578043 292 8146
546630 -200588 -193 7953
-163781 -1041398 -211 7742
-431802 841668 365 8107
-223306 1168882 478 8585
528240 -1457135 -366 8219
538580 -607452 -175 8044
-822229 461604 -331 7713
149473 1588322 403 8116
-467705 134214 -490 7626
-619543 331337 -210 7416
-231850 97062 -47 7369
15305 743647 95 7464
-50761 -380445 -364 7100
322175 -1038708 -22 7078
-233128 620693 416 7494
-606286 -987537 -283 7211
