-784322 420530 237 237
41813 831673 389 626
840665 1766054 83 709
-649832 74549 -47 662
181579 145027 77 739
367618 -1432052 -80 659
867976 1456436 167 826
49904 -1284108 382 1208
-119109 -408356 368 1576
-238918 -1723417 280 1856
-735899 -1672509 375 2231
237963 1618697 152 2383
639540 1287441 -7 2376
-165723 -1384513 195 2571
520771 1578378 -455 2116
66245 1796227 346 2462
678849 -1606876 -202 2260
458748 1415874 -147 2113
154623 -1058386 102 2215
-460213 -1381757 118 2333
296386 1249293 -399 1934
842817 619640 403 2337
61721 -913888 -197 2140
691475 -580810 -169 1971
-217884 -915639 1 1972
677485 716448 378 2350
-119496 267432 -63 2287
124002 -755806 -368 1919
230304 -1140090 190 2109
774366 241010 -66 2043
858545 1068430 -320 1723
862524 -314432 -211 1512
318027 -1222538 2 1514
-731030 1581215 -394 1120
719126 181136 -425 695
783538 -1554899 132 827
-333096 -810831 -328 499
-93405 -1075419 -22 477
734450 597492 -67 410
706997 -1416791 143 553
-463212 1572182 -253 300
264248 -870230 105 405
751802 -1746357 238 643
-405007 -722838 -229 414
832168 -1698886 415 829
639778 231179 342 1171
75508 482171 180 1351
188854 -1412809 86 1437
-258810 461533 -364 1073
-566872 1684101 -388 685
-466864 1455411 -407 278
-843299 613297 107 385
675372 -1214581 -121 264
-392384 -1395332 59 323
-548931 1692036 445 768
792517 1420668 336 1104
596119 137549 -325 779
15774 -141039 -77 702
-884562 -961349 265 967
-681052 -1101924 -208 759
-414746 1719412 -294 465
676001 -1581519 -88 377
-494155 -1523072 -377 0
-416079 786330 40 40
571149 -1003106 -40 0
-1615 1019113 235 235
-615250 1213368 91 326
411246 596401 -33 293
768488 1061177 199 492
489669 -1446954 19 511
730952 1082829 466 977
7071 186380 152 1129
-487195 1193811 202 1331
221563 -1106050 366 1697
-251568 642805 156 1853
-536560 614224 -435 1418
789 1034227 -265 1153
-403460 -1445675 -491 662
-751643 1359901 -65 597
-629372 -133879 -39 558
848293 92649 59 617
882843 829 -385 232
56259 796536 402 634
800868 -1178179 459 1093
-676727 -858281 255 1348
752991 508847 165 1513
384904 -629081 174 1687
188255 1521360 484 2171
746297 -1684247 -39 2132
-190911 -829689 -81 2051
-6187 1171754 366 2417
-217175 222997 408 2825
27615 -135367 -74 2751
581489 -673780 -65 2686
722829 -1726917 465 3151
-400177 1139569 -28 3123
690870 -904124 286 3409
-693516 -1388044 -59 3350
588778 -439868 325 3675
629832 143874 -302 3373
160227 -557849 388 3761
743584 -60182 262 4023
707572 -232454 -299 3724
101796 836074 -42 3682
29110 57096 -115 3567
-655301 437551 348 3915
437198 -987340 -342 3573
31641 1699322 32 3605
-127580 -960067 -149 3456
395324 1143544 -95 3361
798792 -67013 64 3425
2428 -1612135 -210 3215
-247464 -165610 -5 3210
560220 -385831 186 3396
53408 -1381287 -394 3002
-809678 827755 -144 2858
357943 1460483 110 2968
115555 894239 -430 2538
-307425 -939921 162 2700
402520 824175 230 2930
865370 910812 0 2930
601989 -1147956 401 3331
394626 -695347 174 3505
-865352 -151034 -266 3239
218523 1406705 347 3586
-864070 -1374021 -261 3325
472489 -716412 477 3802
255076 427227 453 4255
251879 938320 -122 4133
833700 1680813 -320 3813
719503 -1317478 214 4027
-393752 1322795 182 4209
397206 -709127 -33 4176
545194 507768 -431 3745
810095 1447835 -302 3443
866540 828371 -229 3214
420918 -1418983 -440 2774
-753663 -1152094 169 2943
-143765 1080200 -229 2714
11158 1043347 -147 2567
-775561 1701670 -121 2446
-445051 1267065 305 2751
671824 -1349745 -308 2443
-665910 822917 -118 2325
-688599 503729 -295 2030
-315048 -45933 107 2137
-32825 1293820 207 2344
20380 1301174 -472 1872
763215 -382536 -382 1490
412922 1345300 56 1546
96970 -1411162 -248 1298
688862 1057280 -79 1219
-761860 -1334806 -420 799
-34039 -994213 -302 497
816866 -1392778 172 669
-649878 -1763038 327 996
291228 -758581 192 1188
-467826 754661 55 1243
-568024 -551703 -74 1169
-724357 -130324 282 1451
251388 -71007 -18 1433
808472 -1303225 -75 1358
-661603 1012663 487 1845
423685 -1052636 6 1851
