-701802 -1745052 493 493
-483579 1191263 -243 250
-289508 -64001 -250 0
401997 -751533 0 0
-508696 1330419 434 434
-418482 -1757234 119 553
-733495 -854449 435 988
81975 -1477204 -257 731
-720334 -155953 106 837
381498 -74097 -199 638
836938 914322 -305 333
-678742 961978 284 617
-538937 -614336 -410 207
652390 -429473 -207 0
-167242 -1207884 0 0
-294528 387697 0 0
-834189 923082 0 0
404196 290358 403 403
-572495 1669170 -153 250
857336 -862982 281 531
786251 240721 80 611
-456588 -251988 90 701
652789 -1732430 -276 425
259716 -1500220 468 893
-60150 76701 439 1332
815190 -1188958 226 1558
396670 -581286 -275 1283
-823606 -936095 -119 1164
-855109 860680 -111 1053
196818 167348 401 1454
-644156 510419 318 1772
