287553 1309425 337 337
109045 -1688798 285 622
605597 -1059413 -230 392
-695986 279148 286 678
-304539 -1731696 -69 609
-690951 828136 -391 218
240210 621000 66 284
660406 1220534 -200 84
-682786 -457782 -21 63
873815 959628 34 97
147380 1045421 -97 0
-690952 1701497 492 492
-870148 -947 -101 391
536152 -525126 9 400
795253 -1585417 -229 171
798982 -590683 -171 0
2727 1614740 0 0
-100073 -1363576 83 83
-21551 -1309999 109 192
271068 1638675 -60 132
735549 1501182 -10 122
-313096 1596233 -122 0
857153 -1426086 223 223
630793 -1491362 264 487
803129 -1066139 109 596
-239385 879111 -256 340
857359 -1395372 383 723
182977 1703113 -317 406
-341646 -1526378 290 696
-572576 -1528436 256 952
-391851 -296215 268 1220
488109 1231293 158 1378
-57895 -254929 -49 1329
760477 -458763 -246 1083
318769 -784005 -454 629
-1471 -13797 -150 479
-113003 -72435 -235 244
-473499 -1603176 88 332
377324 929744 -161 171
-257448 -510278 252 423
-665904 910586 328 751
485317 1536694 223 974
-335710 -1265757 178 1152
-13151 -655550 -438 714
-51226 -1277659 -106 608
260718 -717809 -402 206
-654585 396395 -180 26
840423 365242 91 117
-535467 1778731 234 351
556479 -1527805 451 802
370385 342036 -181 621
177193 -31931 93 714
-858629 -83903 -376 338
-714413 560887 83 421
-312884 1128088 82 503
138338 1072202 408 911
675860 1426932 327 1238
441445 587181 -352 886
493950 -1247389 -8 878
-134685 463611 -408 470
-199876 -833641 -19 451
380474 948166 -325 126
-309409 269857 -126 0
55504 -641474 34 34
897616 319006 -34 0
364829 1273177 409 409
-544872 -1777882 465 874
-122405 1149767 263 1137
-537239 -1073027 -275 862
-522643 -507346 52 914
-297364 1202773 -251 663
-546416 -1362854 464 1127
-719999 380864 470 1597
-89634 779178 -419 1178
878966 106098 -326 852
441174 -1494338 -206 646
-313055 -1020276 -13 633
-471340 -1192840 143 776
111264 504623 324 1100
760910 902176 55 1155
-95974 1071377 489 1644
-702398 873485 482 2126
510690 -811970 484 2610
793537 389116 203 2813
788877 1767401 -128 2685
-223155 -54039 320 3005
-873602 -1255805 476 3481
-349123 909018 -263 3218
109217 -1733276 34 3252
-427927 1756917 -195 3057
544107 -344261 61 3118
90914 1629004 -281 2837
-117160 1752428 -146 2691
-46259 647055 -332 2359
-836896 -821860 -5 2354
222847 1473907 -165 2189
838853 1343254 -30 2159
246423 -1578035 -219 1940
850047 -1706054 23 1963
853762 -1462785 -382 1581
-875233 -135709 227 1808
-572994 -1581456 -47 1761
-394748 -939314 -367 1394
-560120 -1342256 -85 1309
802644 1378262 -499 810
-324413 -1721728 481 1291
-790656 157727 297 1588
729377 -647679 41 1629
-130937 1003076 -309 1320
258769 164204 -75 1245
-547267 630998 -206 1039
275637 20257 -334 705
-61430 145836 -405 300
329663 -1424199 492 792
-270702 -1297138 -226 566
14180 940824 -353 213
46946 -1222663 171 384
-766421 379229 -384 0
211230 -766063 0 0
634992 -111256 106 106
553678 -1236956 -106 0
-691968 1193164 342 342
384542 416711 -342 0
-435124 -616495 365 365
-24704 -1118813 -263 102
568621 -988358 157 259
630398 1631723 -259 0
811255 -783825 0 0
-87006 1269611 0 0
-320486 833022 37 37
414080 160740 68 105
145786 151817 408 513
182767 -438156 259 772
680124 642767 -156 616
-465233 -927740 487 1103
94659 -295006 -40 1063
-190767 1041128 50 1113
360648 1710200 306 1419
-214500 1152482 -261 1158
-700752 -1426526 274 1432
671420 466060 317 1749
751809 -1116988 4 1753
-531456 514798 -389 1364
78739 30995 -61 1303
242789 -1698180 -263 1040
389057 1429552 476 1516
-342003 -955977 25 1541
-648410 -1770568 -145 1396
395057 -1650196 -322 1074
852889 1557143 -390 684
833697 -1793648 -362 322
-334574 -510060 282 604
430442 -1724151 294 898
-543292 -1121765 -313 585
-340674 1547476 -373 212
651052 1657604 149 361
-873563 1210609 -63 298
-413160 -851272 58 356
-837429 1474173 -79 277
-446216 -191701 474 751
-132966 349154 288 1039
-672611 462683 -305 734
142149 -268332 -306 428
-646760 -431440 171 599
186789 164201 -235 364
-254878 -1282717 468 832
68992 -134186 -133 699
-229324 777427 81 780
-90338 -784571 34 814
161266 725205 352 1166
-144488 1321415 -471 695
-713468 -768701 378 1073
624454 1743029 72 1145
277882 392311 -360 785
-182916 355845 468 1253
-299037 1031756 -159 1094
899342 -1559544 -493 601
832380 1365073 -430 171
306504 -1716158 -171 0
-70489 873730 0 0
-168557 301325 0 0
-10612 245985 0 0
-266632 791010 0 0
677971 367980 0 0
-813793 -265591 301 301
-591384 238617 -266 35
-490049 1284660 477 512
-117640 1136851 -386 126
-513207 657221 61 187
145942 376915 459 646
179278 1682463 -261 385
348817 238193 151 536
128863 -1629664 427 963
510852 494517 -48 915
-8203 97698 -429 486
869489 -319865 187 673
690879 1017679 -45 628
614314 1683556 -452 176
-645464 -1651458 4 180
-206709 -142841 -180 0
57398 -1337709 0 0
-361472 -1437640 0 0
-72796 1603022 57 57
-461143 418462 416 473
-646745 36529 446 919
-476306 1639251 165 1084
890687 -408919 382 1466
67327 943494 -11 1455
272967 -435377 -357 1098
-119146 -680253 -311 787
324583 405229 -120 667
307076 -622866 86 753
-276579 1703360 -473 280
-828377 -854399 181 461
