437683 1755645 205 205
19057 -937215 328 533
44660 -1108771 138 671
-381145 54408 427 1098
14194 306261 92 1190
-654981 1781401 46 1236
723881 1534097 492 1728
677780 -1539617 -41 1687
701096 -91908 433 2120
271685 -470444 398 2518
619427 -481079 104 2622
-344420 -438320 329 2951
547431 816853 222 3173
188386 -950659 62 3235
-610152 -43285 -365 2870
223980 -773226 74 2944
533000 624885 -83 2861
452646 -576859 307 3168
353845 830534 -184 2984
585829 1611702 -52 2932
712764 -1774400 -27 2905
537446 424051 275 3180
-52929 -629898 -80 3100
534819 -902490 100 3200
177989 1043131 412 3612
513603 548506 477 4089
-499226 -1283801 -57 4032
-763608 -1142339 366 4398
131770 51386 -40 4358
-582172 1091857 25 4383
578779 208904 -244 4139
-367444 687855 -141 3998
-841315 493708 113 4111
-436328 -1676970 -226 3885
-321157 -561387 -70 3815
452238 1067421 -190 3625
492972 -1572875 404 4029
-328374 788333 -173 3856
-528036 -1042625 387 4243
-386233 -1071799 -474 3769
588530 1390598 314 4083
-433726 1579604 -487 3596
-687189 132507 238 3834
261812 -299003 -151 3683
-700289 -822720 106 3789
-527195 1758985 469 4258
-855479 -751367 -49 4209
766189 225395 -137 4072
-624900 127144 450 4522
-225389 -1117029 -18 4504
218157 549226 -201 4303
646459 -50667 -97 4206
863440 354405 -271 3935
-231266 -636280 -45 3890
805488 1728544 366 4256
832258 -72666 -375 3881
601640 -666341 -168 3713
317299 -1783669 -377 3336
183406 -161121 109 3445
284472 -800164 -65 3380
-92144 667641 370 3750
763088 1590683 246 3996
851131 -469313 -354 3642
-421900 -1692789 -406 3236
-681613 228670 -293 2943
-24614 -728689 -27 2916
-79833 1274731 423 3339
376771 -38017 -183 3156
-569422 1155588 -486 2670
-889487 -22257 -298 2372
-894766 1062861 -178 2194
-505509 129802 193 2387
742591 941134 -289 2098
-57915 913527 13 2111
-573374 -1428899 267 2378
-157079 413665 18 2396
551934 585368 -436 1960
422460 -1418642 -13 1947
-171374 -1732433 -294 1653
614732 -572757 -340 1313
-116620 1586448 -233 1080
-776352 -1543331 365 1445
-410144 1169715 406 1851
-244154 120287 92 1943
182719 1044426 -360 1583
-610289 1745287 67 1650
623548 724686 474 2124
-136388 -312307 318 2442
125364 1735765 8 2450
-702831 1418548 361 2811
752736 -404237 159 2970
-811964 -1763320 264 3234
637747 1066396 -419 2815
-623764 -1000723 -216 2599
-838146 891075 311 2910
850892 547355 335 3245
-615697 -1167541 455 3700
-819551 515196 -91 3609
-335888 1494447 -182 3427
-205631 445143 172 3599
591140 1557063 354 3953
479893 1337378 331 4284
-308837 -1216380 413 4697
714732 442380 210 4907
-801185 -935836 31 4938
819045 -68679 98 5036
729633 689582 -70 4966
71015 -1534621 -488 4478
497493 537861 78 4556
-555407 1696149 -259 4297
342370 1619850 -251 4046
-83982 395614 -329 3717
40879 1417948 496 4213
-236563 -1015521 -162 4051
-58512 -290833 -339 3712
-207252 1281407 -102 3610
-862926 1364152 -242 3368
-437653 1672102 399 3767
-273728 -1747756 -274 3493
358980 697920 253 3746
892457 109966 236 3982
-185266 -1121905 -308 3674
495627 -1592277 377 4051
-888128 -992441 -246 3805
288163 -575340 -55 3750
271104 813505 96 3846
-49522 1250642 480 4326
-826879 36409 -294 4032
-802844 1710886 100 4132
-260704 -310423 437 4569
316859 -232615 369 4938
568495 489364 304 5242
-519624 -991697 -267 4975
-1106 133340 236 5211
-687378 1403396 -351 4860
882490 -981523 188 5048
-133312 1554681 353 5401
410939 1309628 -342 5059
-655490 -126371 -48 5011
794872 -263350 -259 4752
-5426 -242411 125 4877
-224911 -1203352 -395 4482
1948 1680501 -473 4009
367347 1248592 57 4066
415614 -6288 475 4541
-345085 1246555 -474 4067
418369 1629005 494 4561
-192875 -1024376 -286 4275
176602 1666759 -106 4169
-377145 -1533460 372 4541
-345151 1760191 482 5023
-415241 440112 361 5384
846977 609886 71 5455
178334 521711 54 5509
868791 1267600 -46 5463
-703493 -1442654 -437 5026
883530 -1765955 -445 4581
529512 854377 217 4798
399337 -376489 -271 4527
-28108 -508320 57 4584
460978 632624 -19 4565
483418 1740409 -51 4514
-90556 -699596 -126 4388
