813034 -412752 0 0
344882 349726 252 252
-395966 101539 -252 0
753825 1564506 0 0
-717727 1171967 338 338
204533 -1439965 -165 173
313328 950140 134 307
-491592 -133739 -254 53
676182 -1495755 349 402
534142 -1303924 -43 359
-398154 -928877 494 853
173220 -187791 -214 639
878253 17094 317 956
-774987 542372 407 1363
114159 889219 -371 992
-745636 -291035 474 1466
685314 -1678665 -440 1026
561034 -1582258 361 1387
322584 604219 -195 1192
203427 582288 80 1272
105730 -1428718 188 1460
785448 357442 -394 1066
81387 -1304614 -378 688
-796797 -1672041 294 982
-576615 671767 264 1246
494683 -601598 -448 798
-669074 1673177 -440 358
5042 1430120 252 610
-89030 -969237 461 1071
-753066 -950012 380 1451
-869981 -1240076 299 1750
846346 1752184 -18 1732
765843 676968 -287 1445
-291129 1739243 25 1470
-655039 -1508450 -284 1186
-440899 1652790 409 1595
779145 -51359 291 1886
-8200 1361238 62 1948
174131 -1184855 -224 1724
828789 -1450869 -210 1514
859937 1534363 -461 1053
-541751 -1274279 325 1378
222991 334421 225 1603
726814 1505483 188 1791
49036 565876 -306 1485
-652961 -226418 492 1977
102701 1090730 -375 1602
103306 1167266 -226 1376
-468393 -1107672 56 1432
-515405 1772255 221 1653
-27970 662487 434 2087
841763 1723685 319 2406
480954 -1660569 445 2851
849769 -942682 -165 2686
132326 1520698 212 2898
-866319 389467 -462 2436
-91245 1154144 -386 2050
647156 404519 -117 1933
709956 -258328 -442 1491
752671 -1541077 59 1550
709732 306487 -410 1140
863180 -444042 125 1265
345886 -648538 -163 1102
-396051 442282 11 1113
570394 927466 232 1345
540724 1620491 136 1481
762027 -1110564 98 1579
173321 -618422 -297 1282
158591 -939934 429 1711
-651928 -1245603 233 1944
596474 -987193 50 1994
-725511 708566 183 2177
-333208 -717298 169 2346
750674 -1128896 296 2642
89620 214708 -62 2580
158292 -1087337 366 2946
-557775 1136693 -449 2497
578234 -470380 -60 2437
314209 136197 264 2701
-149148 -1498398 -424 2277
-35481 -1202105 -145 2132
-326406 1761202 413 2545
-392784 132221 -497 2048
228848 -336741 320 2368
93800 1495121 -332 2036
222425 -1639122 112 2148
45636 882857 19 2167
-520389 106483 373 2540
-620979 -1575858 54 2594
142298 -1492753 495 3089
571725 -43856 283 3372
635945 -931976 16 3388
63835 -1312366 -229 3159
525399 -1242892 -495 2664
38496 1312505 -329 2335
-298936 1490097 417 2752
-10025 -1705078 -314 2438
479743 1633078 333 2771
161770 -235943 -81 2690
-820644 -414317 -176 2514
-238772 -462818 358 2872
-759889 143641 -93 2779
849401 688220 -249 2530
-260400 187598 -136 2394
187998 953122 -408 1986
519369 -552060 -258 1728
207411 -1360319 156 1884
110307 1732580 280 2164
-648657 -1339855 -343 1821
629535 1739913 -199 1622
-681690 384788 128 1750
738952 990856 45 1795
-462852 1527707 139 1934
639505 -515396 391 2325
-77355 -943646 337 2662
-203395 1116069 105 2767
-659587 906870 -485 2282
111440 63556 327 2609
605933 -747961 -358 2251
268836 1289321 -92 2159
672319 1036849 135 2294
-722770 -1627327 155 2449
-662948 137828 13 2462
77338 -232718 -244 2218
286564 -254205 -400 1818
323818 1396986 -183 1635
-357830 -1066152 192 1827
-173493 -361186 -483 1344
-349148 755175 -278 1066
330022 1258784 -83 983
-557460 996330 124 1107
124604 -476375 -250 857
-864485 731336 -268 589
170950 -277001 -489 100
-764471 -657957 -100 0
-846712 -1301861 149 149
-98419 -56583 -149 0
453450 400416 85 85
