887534 -383712 195 195
-334898 -1032975 268 463
846586 -138908 174 637
-65924 406933 433 1070
-792633 201738 -241 829
100646 1537667 424 1253
886659 -891733 -306 947
-428082 193303 -447 500
-655551 595215 -96 404
-630126 841246 -225 179
-624455 1092550 -35 144
-253599 1564969 -144 0
489002 -1653221 0 0
-779653 281922 423 423
127055 -1608442 -332 91
770740 493814 -91 0
111967 689143 0 0
23983 -338775 412 412
652966 -635123 -401 11
-544239 440881 141 152
-236498 640067 -18 134
814709 795473 -134 0
-488265 863166 421 421
811327 1692995 -97 324
-525430 803813 -229 95
-307754 1058286 -95 0
-657230 -1698361 372 372
-319819 -250215 -168 204
315308 -1608076 398 602
-643290 -89695 179 781
554568 -610043 237 1018
339596 1481424 221 1239
252922 830989 -265 974
-154524 1565466 -328 646
238858 1382343 -390 256
85017 1420236 -256 0
-333397 -555478 457 457
43941 1352598 -414 43
543214 1617490 -43 0
874910 -1479940 0 0
541311 790846 0 0
-841342 -1388329 0 0
-654022 -1310150 0 0
391062 1460683 0 0
-490359 -1248883 0 0
-559786 -344658 0 0
-51828 -733963 0 0
-398006 -1396314 489 489
434064 -1795406 263 752
366619 -1492014 319 1071
634992 -398989 -125 946
-750692 -1146499 174 1120
-362711 1579628 183 1303
-247736 -821462 -327 976
-395199 488076 309 1285
229367 -733453 49 1334
207837 -187221 294 1628
-276511 -669289 20 1648
-139931 -836072 -73 1575
-327776 1047059 -333 1242
424721 1582564 -430 812
642452 -627202 -55 757
776124 751544 22 779
-680024 -398951 420 1199
443962 848257 480 1679
586985 -1657756 -86 1593
-629069 1178106 69 1662
510146 1241383 298 1960
576241 -47312 -3 1957
-125878 1450410 313 2270
147320 -1708059 138 2408
711982 -616244 371 2779
22444 623629 -409 2370
468927 815861 -13 2357
-354036 1536197 -52 2305
-347427 271223 463 2768
