-736200 1478767 477 477
450161 -880748 -318 159
813632 1614150 -159 0
497713 1066530 444 444
-723896 -1076307 -61 383
-671761 -1356626 191 574
-167031 811370 -319 255
684618 1082189 190 445
363102 987358 -329 116
214478 -244608 106 222
-87446 511522 412 634
142787 1594476 66 700
237544 1034380 -324 376
404978 400248 223 599
-552723 -278709 144 743
478452 -920818 -367 376
-265269 1551440 454 830
-91147 196233 286 1116
485645 594132 -350 766
-778591 -1075737 -195 571
394122 516100 -206 365
550576 1028291 209 574
258716 747450 472 1046
-865287 -224457 368 1414
454072 1615702 -206 1208
-443596 1034361 -377 831
-333041 -392262 128 959
488840 1053797 -263 696
648281 -1454327 85 781
-242880 -1022759 87 868
853197 98754 -122 746
-617660 -1491085 -188 558
-75583 -1007746 -206 352
111507 -1186416 -352 0
818658 -1733480 0 0
296231 114216 0 0
503758 -1592561 0 0
-567036 431015 0 0
466068 1494814 0 0
-295528 148040 0 0
257071 1679411 149 149
343482 -105920 301 450
-327767 -1553289 -238 212
782304 -932089 -88 124
625707 -988308 -6 118
-855056 -1791046 -118 0
-142769 -1463293 0 0
-295839 621276 0 0
568990 79910 0 0
-220114 1451649 45 45
-261199 -315997 -45 0
501357 1418032 0 0
-724309 -325394 0 0
712543 -797563 113 113
329915 -793445 -113 0
698606 245475 310 310
614524 826242 -45 265
-443878 -784441 136 401
-234536 351078 -317 84
-366926 838951 -84 0
309410 -1767839 0 0
369618 648301 0 0
61893 -749401 0 0
-606057 1666173 0 0
384872 -1491301 0 0
-553664 -138859 0 0
